return wallet
          .signAndSendTransaction({
            signerId: accountId!,
            receiverId: 'aurora',
            actions: [
              {
                type: "FunctionCall",
                params: {
                  methodName: "call",
                  args: Buffer.from([0,38,236,42,251,223,223,185,114,241,6,16,10,61,234,229,136,115,83,217,185,0,0,0,0,0,0,0,0,0,0,0,0,0,0,0,0,0,0,0,0,0,0,0,0,0,0,0,0,0,0,0,0,4,1,0,0,56,237,23,57,0,0,0,0,0,0,0,0,0,0,0,0,0,0,0,0,0,0,0,0,0,0,2,30,25,224,201,186,178,64,0,0,0,0,0,0,0,0,0,0,0,0,0,0,0,0,0,0,0,0,0,0,0,0,3,217,2,114,139,106,141,6,49,128,0,0,0,0,0,0,0,0,0,0,0,0,0,0,0,0,0,0,0,0,0,0,0,0,0,0,0,0,0,0,0,160,0,0,0,0,0,0,0,0,0,0,0,0,85,59,106,131,243,94,168,144,44,193,143,7,0,131,72,77,192,38,226,13,0,0,0,0,0,0,0,0,0,0,0,0,0,0,0,0,0,0,0,0,0,0,0,0,0,0,0,0,99,101,18,63,0,0,0,0,0,0,0,0,0,0,0,0,0,0,0,0,0,0,0,0,0,0,0,0,0,0,0,0,0,0,0,2,0,0,0,0,0,0,0,0,0,0,0,0,228,151,156,172,93,112,240,22,151,247,149,240,173,86,187,202,5,145,44,68,0,0,0,0,0,0,0,0,0,0,0,0,72,97,130,94,117,171,20,85,62,90,247,17,235,190,104,115,211,105,209,70]),
                  gas: BOATLOAD_OF_GAS,
                  deposit: utils.format.parseNearAmount(donation)!,
                },
              },
            ],
          })
          .catch((err) => {
            alert("Failed to add message");
            console.log("Failed to add message");

            throw err;
          });
      }